xmin:451800.1941
ymin:4438966.2693
xmax:451905.7732
ymax:4439071.4111


1,40.102673737,23.436855614,-0.001